00.000 0.293 1 1 1
00.293 0.161 0 0 0
00.453 0.238 1 1 2
00.760 0.132 0 0 0
00.895 0.179 1 1 2
00.895 0.300 2 1 2
00.895 0.599 4 1 2
01.364 0.156 1 1 2
01.364 0.298 2 1 2
01.662 0.134 0 0 0
01.795 0.302 1 1 2
02.096 0.300 1 1 2
02.395 0.290 1 1 1
02.686 0.155 0 0 0
02.849 0.299 1 1 2
03.148 0.129 0 0 0
03.283 0.163 1 1 2
03.283 0.300 2 1 2
03.283 0.621 4 1 2
03.752 0.144 1 1 2
03.904 0.149 0 0 0
04.053 0.145 0 0 0
04.196 0.299 1 1 2
04.500 0.282 1 1 2
04.782 0.305 1 2 1
05.085 0.160 0 0 0
05.243 0.300 1 2 2
05.548 0.144 0 0 0
05.689 0.163 1 2 2
05.689 0.302 2 2 2
05.689 0.758 4 2 2
06.125 0.301 1 2 2
06.446 0.138 0 0 0
06.590 0.149 1 2 2
06.590 0.306 2 2 2
06.895 0.144 0 0 0
07.041 0.135 0 0 0
07.176 0.164 1 2 1
07.176 0.302 2 2 1
07.341 0.134 0 0 0
07.477 0.163 0 0 0
07.642 0.295 1 2 2
07.947 0.131 0 0 0
08.081 0.156 1 2 2
08.081 0.315 2 2 2
08.081 0.752 4 2 2
08.388 0.144 1 2 2
08.528 0.297 1 2 2
08.838 0.139 0 0 0
08.980 0.149 1 2 2
08.980 0.302 2 2 2
08.980 0.608 4 2 2
09.282 0.168 1 2 2
09.282 0.306 2 2 2
09.587 0.295 1 3 1
09.880 0.173 0 0 0
10.054 0.296 1 3 2
10.352 0.132 0 0 0
10.482 0.161 1 3 2
10.482 0.306 2 3 2
10.482 0.768 4 3 2
10.944 0.303 1 3 2
11.252 0.126 0 0 0
11.381 0.298 1 3 2
11.681 0.174 1 3 2
11.854 0.118 0 0 0
11.974 0.286 1 3 1
12.278 0.147 0 0 0
12.450 0.296 1 3 2
12.746 0.134 0 0 0
12.881 0.160 1 3 2
12.881 0.300 2 3 2
12.881 0.759 4 3 2
13.343 0.287 1 3 2
13.646 0.129 0 0 0
13.777 0.298 1 3 2
14.074 0.173 1 3 2
14.247 0.119 0 0 0
14.366 0.296 1 4 1
14.668 0.135 0 0 0
14.826 0.302 1 4 2
15.128 0.141 0 0 0
15.273 0.147 1 4 1
15.273 0.298 2 4 1
15.273 0.750 4 4 2
15.743 0.280 1 4 2
16.025 0.141 0 0 0
16.165 0.298 1 4 2
16.464 0.168 1 4 2
16.631 0.136 0 0 0
16.766 0.292 1 4 2
17.061 0.160 0 0 0
17.229 0.299 2 4 2
17.534 0.129 0 0 0
17.666 0.169 1 4 2
17.666 0.303 2 4 2
17.666 0.595 4 4 2
18.128 0.142 1 4 2
18.261 0.151 0 0 0
18.441 0.134 1 4 1
18.580 0.277 1 4 2
18.862 0.300 2 4 2
